dice
0.00975005
0.00978505
0.0104401
0.0102301
0.00963505
0.0100651
0.0104701
0.00999505
0.0100501
0.0100551
0.0101351
0.0100051
0.00975005
0.00998005
0.00990005
0.0100601
0.00988505
0.00973005
0.0103151
0.00991505
0.0100151
0.00986005
0.0101951
0.0105401
0.00952505
0.00986005
0.0100551
0.0103151
0.0101301
0.00954505
0.0101051
0.00982505
0.00965005
0.00992005
0.0102501
0.0101551
0.0101151
0.00950005
0.0103251
0.0102401
0.00997505
0.0101851
0.0100451
0.00987505
0.00991005
0.00919505
0.0103401
0.00996005
0.00999505
0.00999505
0.0104001
0.0100901
0.0100201
0.0100351
0.00958505
0.00990505
0.00998505
0.00944505
0.0102701
0.0102751
0.00985505
0.0101801
0.00953005
0.00983005
0.0105151
0.0102451
0.0100351
0.00979005
0.00992005
0.00966005
0.00992505
0.00973005
0.00990005
0.00982005
0.00998005
0.0101001
0.00998005
0.00984005
0.0102251
0.00987505
0.00979005
0.00960505
0.00995005
0.00975005
0.0100701
0.0102951
0.00998505
0.0101001
0.00996005
0.0101001
0.00991005
0.0101451
0.0100501
0.0100901
0.0102951
0.0101151
0.0106001
0.0100701
0.0100451
0.0102151

pendice
0.0202751
0.0198701
0.0192351
0.0194701
0.0188201
0.0186101
0.0189201
0.0183651
0.0179351
0.0179101
0.0180251
0.0173001
0.0178151
0.0171351
0.0176501
0.0171551
0.0167401
0.0169051
0.0164701
0.0161351
0.0164001
0.0157351
0.0150951
0.0148951
0.0142301
0.0146051
0.0148201
0.0146201
0.0142851
0.0141801
0.0139151
0.0135201
0.0131501
0.0129401
0.0128051
0.0131551
0.0124151
0.0125551
0.0117601
0.0119401
0.0117301
0.0120501
0.0118351
0.0116251
0.0106201
0.0106751
0.0109301
0.0103351
0.0106001
0.0103901
0.00971005
0.00946505
0.00961505
0.00940505
0.00911005
0.00861004
0.00865004
0.00836504
0.00826504
0.00828004
0.00790504
0.00779004
0.00751504
0.00699503
0.00691503
0.00699003
0.00653503
0.00653503
0.00622503
0.00617003
0.00591003
0.00603003
0.00541503
0.00517003
0.00512003
0.00477002
0.00468502
0.00411502
0.00416002
0.00432002
0.00395002
0.00367502
0.00340502
0.00318002
0.00313002
0.00290501
0.00281501
0.00255001
0.00248501
0.00231001
0.00194501
0.00173501
0.00156001
0.00142001
0.00110501
0.000825004
0.000675003
0.000490002
0.000325002
9.50005e-05

bondice
8.50004e-05
0.000295001
0.000545003
0.000580003
0.000850004
0.00113501
0.00141001
0.00135501
0.00158001
0.00185001
0.00210501
0.00217501
0.00251001
0.00264001
0.00261001
0.00307002
0.00320502
0.00347002
0.00371502
0.00386502
0.00408502
0.00430002
0.00452002
0.00479002
0.00484502
0.00502003
0.00533003
0.00541003
0.00587003
0.00569503
0.00585003
0.00628503
0.00645503
0.00681003
0.00696503
0.00688003
0.00703004
0.00778004
0.00764004
0.00806004
0.00799004
0.00829504
0.00831004
0.00860004
0.00886504
0.00900005
0.00934505
0.00971505
0.00957005
0.0101951
0.00983005
0.0102751
0.0106351
0.0107201
0.0113451
0.0110851
0.0114801
0.0116551
0.0114151
0.0116851
0.0123851
0.0123751
0.0125601
0.0129551
0.0130501
0.0129801
0.0133301
0.0140101
0.0136301
0.0142601
0.0139101
0.0144851
0.0151051
0.0145301
0.0151051
0.0152401
0.0152451
0.0158701
0.0159901
0.0160051
0.0163501
0.0160101
0.0164801
0.0166001
0.0161301
0.0169101
0.0173251
0.0171351
0.0182651
0.0175801
0.0183301
0.0183401
0.0184801
0.0190251
0.0190951
0.0192601
0.0196651
0.0193151
0.0198401
0.0196101

threedice
0.00466502
0.0137701
0.0283001
0.0469102
0.0703254
0.0964155
0.115756
0.124331
0.124756
0.115216
0.0979305
0.0694353
0.0460052
0.0273951
0.0137851
0.00435502

doubdice
0
0
5.00003e-06
2.00001e-05
2.00001e-05
5.00003e-05
8.00004e-05
0.000105001
0.000115001
0.000155001
0.000175001
0.000230001
0.000265001
0.000305002
0.000440002
0.000400002
0.000450002
0.000465002
0.000635003
0.000640003
0.000710004
0.000920005
0.000855004
0.00100001
0.000895004
0.00101501
0.00118001
0.00134001
0.00143501
0.00167501
0.00152001
0.00171001
0.00195501
0.00175501
0.00200001
0.00198501
0.00231501
0.00229501
0.00244001
0.00270501
0.00273501
0.00297001
0.00292001
0.00317002
0.00326002
0.00344002
0.00375502
0.00356502
0.00369502
0.00392502
0.00426002
0.00453502
0.00443502
0.00487502
0.00466502
0.00486502
0.00523503
0.00517503
0.00510003
0.00534503
0.00582003
0.00582503
0.00631503
0.00649503
0.00601003
0.00625503
0.00667503
0.00695503
0.00730504
0.00756004
0.00743504
0.00790504
0.00781004
0.00790004
0.00820004
0.00838504
0.00863504
0.00905005
0.00928005
0.00918005
0.00909505
0.00962005
0.00985505
0.0100901
0.0101751
0.0105551
0.0104751
0.0104151
0.0113201
0.0112701
0.0110601
0.0113951
0.0116601
0.0117151
0.0116601
0.0126051
0.0125901
0.0128701
0.0132051
0.0131751
0.0132851
0.0133651
0.0124301
0.0126251
0.0124201
0.0122551
0.0122901
0.0117451
0.0116201
0.0111951
0.0110951
0.0111101
0.0107401
0.0107801
0.0104351
0.0105751
0.0101101
0.00977505
0.00977005
0.00968005
0.00910005
0.00938005
0.00898504
0.00869004
0.00842004
0.00859004
0.00793504
0.00813504
0.00813504
0.00769004
0.00737504
0.00725004
0.00740504
0.00711004
0.00683503
0.00655503
0.00623003
0.00607003
0.00625003
0.00584503
0.00594503
0.00537503
0.00545503
0.00491502
0.00510003
0.00493002
0.00478502
0.00438002
0.00446502
0.00411002
0.00394502
0.00390502
0.00371502
0.00391002
0.00359502
0.00357502
0.00317502
0.00307002
0.00265501
0.00290001
0.00261001
0.00270501
0.00245501
0.00236501
0.00251501
0.00202001
0.00212001
0.00185501
0.00172001
0.00167501
0.00176001
0.00143001
0.00147501
0.00131501
0.00128501
0.00105001
0.00114501
0.000900005
0.000880004
0.000860004
0.000820004
0.000630003
0.000635003
0.000470002
0.000415002
0.000375002
0.000365002
0.000305002
0.000275001
0.000225001
0.000200001
0.000110001
8.50004e-05
0.000135001
5.50003e-05
5.50003e-05
2.00001e-05
1.50001e-05
1.00001e-05
0

