dice
0.00970049
0.00985049
0.0080004
0.00935047
0.0104005
0.0104005
0.00940047
0.0105005
0.00855043
0.0106005
0.0105505
0.0116506
0.0106005
0.00965048
0.0100005
0.0110006
0.0105505
0.0100505
0.00950048
0.0103505
0.00910046
0.00930047
0.00955048
0.0102505
0.0110506
0.0101505
0.0099005
0.0107505
0.0104005
0.00970049
0.0103005
0.00925046
0.0104505
0.0104505
0.0104005
0.00980049
0.00875044
0.00940047
0.0114006
0.0101005
0.0112506
0.00985049
0.0101005
0.0099005
0.0115506
0.00970049
0.0105005
0.00985049
0.00985049
0.0109505
0.00975049
0.0105005
0.00880044
0.00950048
0.0107505
0.0099005
0.0102505
0.0099505
0.0117006
0.00925046
0.00875044
0.0108005
0.00980049
0.00960048
0.0111506
0.00985049
0.0108005
0.00825041
0.0100005
0.0104005
0.00970049
0.00980049
0.00860043
0.0103005
0.00965048
0.0105505
0.0101505
0.0107005
0.0109505
0.00970049
0.00925046
0.0101505
0.00915046
0.0106505
0.0102505
0.0108505
0.0099505
0.0100005
0.0113506
0.00920046
0.00970049
0.00930047
0.0100505
0.00975049
0.00940047
0.0107505
0.00950048
0.00840042
0.00780039
0.0105005

pendice
0.019751
0.019901
0.020951
0.0185509
0.020201
0.0186009
0.020801
0.0181009
0.0187009
0.019101
0.0168508
0.0170509
0.0179009
0.0165508
0.0188009
0.0175509
0.0162008
0.0172009
0.0166508
0.0163008
0.0153508
0.0165008
0.0153508
0.0138507
0.0144507
0.0139507
0.0142007
0.0150508
0.0145007
0.0129006
0.0126506
0.0128006
0.0127506
0.0138507
0.0128506
0.0119506
0.0120006
0.0136007
0.0128506
0.0122006
0.0115006
0.0099505
0.0115006
0.0109005
0.0103505
0.0112006
0.0113006
0.0100005
0.0108005
0.00980049
0.0104005
0.00905045
0.00925046
0.00965048
0.00890045
0.00910046
0.00755038
0.00885044
0.00755038
0.00785039
0.00810041
0.00810041
0.00710036
0.00665033
0.0079504
0.00695035
0.00700035
0.00610031
0.00580029
0.00645032
0.00630032
0.00550028
0.00535027
0.00555028
0.00500025
0.00485024
0.00475024
0.00420021
0.00365018
0.0039002
0.0039502
0.00335017
0.00325016
0.00295015
0.00295015
0.00260013
0.00265013
0.00235012
0.00235012
0.0020001
0.00210011
0.00155008
0.00135007
0.00120006
0.00115006
0.000850043
0.00080004
0.000650033
0.00060003
0.000300015

bondice
0.000100005
0.000500025
0.00040002
0.000650033
0.00100005
0.00135007
0.00140007
0.00105005
0.00135007
0.00160008
0.00210011
0.00220011
0.00260013
0.00290015
0.00245012
0.00310016
0.00350018
0.00320016
0.00375019
0.00370019
0.00455023
0.00475024
0.00440022
0.00535027
0.00510026
0.00500025
0.00530027
0.0060003
0.00520026
0.00625031
0.00625031
0.00615031
0.00565028
0.00620031
0.00720036
0.00780039
0.00775039
0.00775039
0.00760038
0.00770039
0.00750038
0.00770039
0.00845042
0.00835042
0.00905045
0.00930047
0.00785039
0.00955048
0.00930047
0.00970049
0.0110506
0.0104505
0.00945047
0.0106005
0.0109505
0.0112006
0.0114006
0.0104505
0.0117006
0.0119006
0.0128006
0.0132007
0.0139007
0.0131507
0.0134507
0.0138507
0.0129506
0.0140007
0.0126506
0.0141007
0.0129006
0.0139007
0.0148507
0.0133507
0.0157008
0.0147507
0.0160008
0.0148507
0.0151508
0.0164508
0.0150508
0.0158508
0.0150508
0.0167008
0.0177009
0.0166508
0.0182509
0.0176509
0.0168508
0.0187009
0.0183009
0.0187509
0.0189009
0.0166508
0.019051
0.0168008
0.0189509
0.0184009
0.0218511
0.0212011

threedice
0.00465023
0.0136507
0.0276014
0.0445522
0.0724536
0.099505
0.117056
0.129356
0.122156
0.114206
0.0966048
0.0684034
0.0470024
0.0272014
0.0144007
0.00520026

doubdice
0
0
0
0
0
5.00025e-05
0.000100005
0
0.000100005
0.000100005
0.000150008
0.000250013
0.000350018
0.000300015
0.00040002
0.000300015
0.000250013
0.00040002
0.000700035
0.00060003
0.00100005
0.000950048
0.000900045
0.00145007
0.000950048
0.00125006
0.00120006
0.000750038
0.000900045
0.0019501
0.0019001
0.00115006
0.00210011
0.0020001
0.00215011
0.0020001
0.0019501
0.00270014
0.00275014
0.00305015
0.00235012
0.00280014
0.00265013
0.00375019
0.00320016
0.00300015
0.00325016
0.00320016
0.00385019
0.00425021
0.00415021
0.00470024
0.00470024
0.00475024
0.00455023
0.00460023
0.00460023
0.00515026
0.00540027
0.0060003
0.00525026
0.00535027
0.00580029
0.00645032
0.00665033
0.00615031
0.00700035
0.00690035
0.00770039
0.00665033
0.00745037
0.00835042
0.00960048
0.00815041
0.00880044
0.00775039
0.00900045
0.00925046
0.00845042
0.00820041
0.00810041
0.00920046
0.0106005
0.00830042
0.00980049
0.0106505
0.0109005
0.0116506
0.0124006
0.0114006
0.0122506
0.0110006
0.0110506
0.0127506
0.0121006
0.0136507
0.0127506
0.0123506
0.0127506
0.0123506
0.0139007
0.0124006
0.0121006
0.0130007
0.0134007
0.0138007
0.0120506
0.0134007
0.0113506
0.0111506
0.0111006
0.0111506
0.0118506
0.0106005
0.00965048
0.00895045
0.0112506
0.00930047
0.00945047
0.00955048
0.00880044
0.00825041
0.00835042
0.0079504
0.0079504
0.00710036
0.0080504
0.00775039
0.00880044
0.00855043
0.00720036
0.00820041
0.00735037
0.00630032
0.00825041
0.00650033
0.00695035
0.00530027
0.00660033
0.00620031
0.00540027
0.00530027
0.00510026
0.00580029
0.00505025
0.00455023
0.00515026
0.00505025
0.00495025
0.00465023
0.00415021
0.00445022
0.00415021
0.00425021
0.00420021
0.0039002
0.00320016
0.00320016
0.00290015
0.00275014
0.00280014
0.00175009
0.00305015
0.00275014
0.00180009
0.0019501
0.0019001
0.00210011
0.00185009
0.00165008
0.00170009
0.00170009
0.000950048
0.00170009
0.00185009
0.000850043
0.00115006
0.000950048
0.00080004
0.000750038
0.00040002
0.000750038
0.000750038
0.000300015
0.00060003
0.000450023
0.000550028
0.000350018
0.000300015
0.00020001
0.000150008
0.000100005
0.00020001
5.00025e-05
5.00025e-05
0
0.000100005
5.00025e-05
5.00025e-05
0

